3 0.799630 0.278250 0.085822 0.150908
2 0.845675 0.862188 0.234520 0.157625
0 0.325707 0.562365 0.256436 0.245480
1 0.378655 0.322891 0.155472 0.124072
1 0.677202 0.333414 0.134836 0.087579
2 0.609721 0.206184 0.096310 0.098539
1 0.633039 0.278036 0.147217 0.065691
1 0.119241 0.257947 0.085305 0.111921
0 0.239228 0.353447 0.103761 0.110711
0 0.639451 0.131914 0.105941 0.048658
0 0.618127 0.089336 0.086678 0.055961
1 0.604368 0.049191 0.092180 0.077855
1 0.025370 0.281697 0.047690 0.201329
0 0.167407 0.172141 0.066042 0.066783
0 0.274723 0.243368 0.070167 0.063263
0 0.291235 0.194039 0.066042 0.076763
0 0.845126 0.500839 0.094249 0.145862
1 0.650632 0.889849 0.188006 0.220303
0 0.439427 0.069990 0.093713 0.087533
1 0.769846 0.713651 0.228731 0.193447
0 0.060002 0.450289 0.120004 0.140171
0 0.168584 0.479681 0.102281 0.208007
2 0.090441 0.141454 0.070316 0.142434
2 0.926122 0.399135 0.094609 0.257743
2 0.532368 0.446783 0.072615 0.829750
1 0.189689 0.247539 0.048583 0.126605
