1 0.317708 0.602964 0.193311 0.173967
1 0.381520 0.352447 0.155472 0.124079
1 0.690640 0.373812 0.134836 0.087572
2 0.637656 0.209322 0.096310 0.098539
1 0.665751 0.282661 0.147217 0.065691
1 0.662677 0.840691 0.174267 0.229868
1 0.119241 0.257947 0.085305 0.111921
0 0.146122 0.456691 0.105941 0.212895
0 0.239228 0.353447 0.103761 0.110711
0 0.639451 0.131914 0.105941 0.048658
0 0.618127 0.089336 0.086678 0.055961
1 0.604368 0.049191 0.092180 0.077855
1 0.041974 0.264921 0.047690 0.201329
1 0.318274 0.758859 0.285491 0.193533
2 0.755206 0.713151 0.228389 0.151947
0 0.167407 0.172141 0.066042 0.066783
0 0.274723 0.243368 0.070167 0.063263
0 0.291235 0.194039 0.066042 0.076763
