3 0.799626 0.278247 0.085815 0.150901
2 0.845991 0.862128 0.234520 0.157625
0 0.325856 0.562510 0.256436 0.245480
1 0.378655 0.322908 0.155472 0.124079
1 0.677212 0.333441 0.134833 0.087579
2 0.609740 0.206191 0.096310 0.098539
1 0.633062 0.278036 0.147217 0.065691
1 0.119241 0.257947 0.085305 0.111921
0 0.239228 0.353447 0.103761 0.110711
0 0.639451 0.131914 0.105941 0.048658
0 0.618127 0.089336 0.086678 0.055961
1 0.604368 0.049191 0.092180 0.077855
1 0.025370 0.281697 0.047690 0.201329
0 0.167407 0.172141 0.066042 0.066783
0 0.274723 0.243368 0.070167 0.063263
0 0.291235 0.194039 0.066042 0.076763
0 0.845126 0.500839 0.094249 0.145862
1 0.650632 0.889849 0.188006 0.220303
0 0.439455 0.070000 0.093724 0.087539
1 0.770071 0.713602 0.228728 0.193454
0 0.060002 0.450289 0.120004 0.140171
0 0.168584 0.479681 0.102281 0.208007
2 0.090672 0.141207 0.070316 0.142441
2 0.923151 0.391484 0.094606 0.257743
2 0.532773 0.445500 0.071447 0.829750
1 0.186717 0.254546 0.048583 0.126605
