3 0.799632 0.278250 0.085826 0.150908
2 0.845359 0.862243 0.234520 0.157618
0 0.325554 0.562217 0.256436 0.245474
1 0.378651 0.322872 0.155472 0.124072
1 0.677193 0.333391 0.134833 0.087572
2 0.609702 0.206184 0.096310 0.098539
1 0.633021 0.278033 0.147217 0.065697
1 0.119241 0.257947 0.085305 0.111921
0 0.239228 0.353447 0.103761 0.110711
0 0.639451 0.131914 0.105941 0.048658
0 0.618127 0.089336 0.086678 0.055961
1 0.604368 0.049191 0.092180 0.077855
1 0.025370 0.281697 0.047690 0.201329
0 0.167407 0.172141 0.066042 0.066783
0 0.274723 0.243368 0.070167 0.063263
0 0.291235 0.194039 0.066042 0.076763
0 0.845126 0.500839 0.094249 0.145862
1 0.650632 0.889849 0.188006 0.220303
0 0.439397 0.069980 0.093705 0.087526
1 0.769622 0.713701 0.228731 0.193454
0 0.060002 0.450289 0.120004 0.140171
0 0.168584 0.479681 0.102281 0.208007
2 0.090208 0.141697 0.070320 0.142434
2 0.929090 0.406786 0.094609 0.257743
2 0.531959 0.448069 0.073783 0.829757
1 0.192662 0.240536 0.048583 0.126612
