3 0.799632 0.278250 0.085826 0.150908
2 0.845485 0.862220 0.234520 0.157625
0 0.325616 0.562273 0.256440 0.245480
1 0.378651 0.322882 0.155472 0.124079
1 0.677197 0.333401 0.134833 0.087579
2 0.609710 0.206184 0.096310 0.098539
1 0.633028 0.278033 0.147217 0.065697
1 0.119241 0.257947 0.085305 0.111921
0 0.239228 0.353447 0.103761 0.110711
0 0.639451 0.131914 0.105941 0.048658
0 0.618127 0.089336 0.086678 0.055961
1 0.604368 0.049191 0.092180 0.077855
1 0.025370 0.281697 0.047690 0.201329
0 0.167407 0.172141 0.066042 0.066783
0 0.274723 0.243368 0.070167 0.063263
0 0.291235 0.194039 0.066042 0.076763
0 0.845126 0.500839 0.094249 0.145862
1 0.650632 0.889849 0.188006 0.220303
0 0.439410 0.069984 0.093709 0.087533
1 0.769712 0.713681 0.228731 0.193454
0 0.060002 0.450289 0.120004 0.140171
0 0.168584 0.479681 0.102281 0.208007
2 0.090299 0.141599 0.070316 0.142434
2 0.927904 0.403724 0.094609 0.257737
2 0.532122 0.447556 0.073315 0.829757
1 0.191471 0.243339 0.048583 0.126612
