3 0.799619 0.278243 0.085800 0.150895
2 0.846691 0.862000 0.234520 0.157618
0 0.326187 0.562836 0.256436 0.245474
1 0.378659 0.322951 0.155472 0.124072
1 0.677230 0.333497 0.134833 0.087572
2 0.609777 0.206191 0.096310 0.098539
1 0.633106 0.278043 0.147217 0.065691
1 0.119241 0.257947 0.085305 0.111921
0 0.239228 0.353447 0.103761 0.110711
0 0.639451 0.131914 0.105941 0.048658
0 0.618127 0.089336 0.086678 0.055961
1 0.604368 0.049191 0.092180 0.077855
1 0.025370 0.281697 0.047690 0.201329
0 0.167407 0.172141 0.066042 0.066783
0 0.274723 0.243368 0.070167 0.063263
0 0.291235 0.194039 0.066042 0.076763
0 0.845126 0.500839 0.094249 0.145862
1 0.650632 0.889849 0.188006 0.220303
0 0.439518 0.070026 0.093739 0.087553
1 0.770562 0.713497 0.228728 0.193454
0 0.060002 0.450289 0.120004 0.140171
0 0.168584 0.479681 0.102281 0.208007
2 0.091183 0.140671 0.070320 0.142434
2 0.916616 0.374651 0.094609 0.257737
2 0.533670 0.442678 0.068873 0.829750
