3 0.799617 0.278243 0.085796 0.150895
2 0.846817 0.861977 0.234520 0.157625
0 0.326246 0.562895 0.256436 0.245474
1 0.378659 0.322957 0.155472 0.124072
1 0.677232 0.333507 0.134836 0.087579
2 0.609784 0.206191 0.096310 0.098539
1 0.633114 0.278046 0.147217 0.065697
1 0.119241 0.257947 0.085305 0.111921
0 0.239228 0.353447 0.103761 0.110711
0 0.639451 0.131914 0.105941 0.048658
0 0.618127 0.089336 0.086678 0.055961
1 0.604368 0.049191 0.092180 0.077855
1 0.025370 0.281697 0.047690 0.201329
0 0.167407 0.172141 0.066042 0.066783
0 0.274723 0.243368 0.070167 0.063263
0 0.291235 0.194039 0.066042 0.076763
0 0.845126 0.500839 0.094249 0.145862
1 0.650632 0.889849 0.188006 0.220303
0 0.439529 0.070030 0.093746 0.087546
1 0.770651 0.713480 0.228728 0.193447
0 0.060002 0.450289 0.120004 0.140171
0 0.168584 0.479681 0.102281 0.208007
2 0.091276 0.140576 0.070320 0.142441
2 0.915428 0.371589 0.094606 0.257743
2 0.533832 0.442164 0.068408 0.829750
