3 0.799598 0.278234 0.085759 0.150875
2 0.848532 0.861661 0.234520 0.157625
0 0.327055 0.563691 0.256440 0.245474
1 0.378670 0.323056 0.155472 0.124072
1 0.677279 0.333641 0.134833 0.087572
2 0.609877 0.206204 0.096310 0.098539
1 0.633224 0.278059 0.147214 0.065697
1 0.119241 0.257947 0.085305 0.111921
0 0.239228 0.353447 0.103761 0.110711
0 0.639451 0.131914 0.105941 0.048658
0 0.618127 0.089336 0.086678 0.055961
1 0.604368 0.049191 0.092180 0.077855
1 0.025370 0.281697 0.047690 0.201329
0 0.167407 0.172141 0.066042 0.066783
0 0.274723 0.243368 0.070167 0.063263
0 0.291235 0.194039 0.066042 0.076763
0 0.845126 0.500839 0.094249 0.145862
1 0.650632 0.889849 0.188006 0.220303
0 0.439682 0.070092 0.093791 0.087579
1 0.771856 0.713220 0.228728 0.193454
0 0.060002 0.450289 0.120004 0.140171
0 0.168584 0.479681 0.102281 0.208007
2 0.092530 0.139257 0.070320 0.142434
2 0.899388 0.330280 0.094609 0.257743
2 0.536032 0.435230 0.062094 0.829750
