1 0.317708 0.602957 0.193311 0.173967
1 0.381514 0.352398 0.155469 0.124072
1 0.690618 0.373747 0.134836 0.087572
2 0.637612 0.209316 0.096310 0.098539
1 0.665699 0.282655 0.147217 0.065691
1 0.659994 0.839125 0.174267 0.229868
1 0.119241 0.257947 0.085305 0.111921
0 0.145843 0.456046 0.105941 0.212895
0 0.239228 0.353447 0.103761 0.110711
0 0.639451 0.131914 0.105941 0.048658
0 0.618127 0.089336 0.086678 0.055961
1 0.604368 0.049191 0.092180 0.077855
1 0.041944 0.264947 0.047690 0.201329
1 0.321873 0.757122 0.285487 0.193533
2 0.751650 0.713303 0.228389 0.151947
0 0.167407 0.172141 0.066042 0.066783
0 0.274723 0.243368 0.070167 0.063263
0 0.291235 0.194039 0.066042 0.076763
