3 0.799583 0.278227 0.085729 0.150862
2 0.849991 0.861395 0.234520 0.157618
0 0.327746 0.564368 0.256436 0.245474
1 0.378677 0.323141 0.155472 0.124072
1 0.677316 0.333757 0.134833 0.087579
2 0.609955 0.206211 0.096310 0.098539
1 0.633318 0.278076 0.147217 0.065691
1 0.119241 0.257947 0.085305 0.111921
0 0.239228 0.353447 0.103761 0.110711
0 0.639451 0.131914 0.105941 0.048658
0 0.618127 0.089336 0.086678 0.055961
1 0.604368 0.049191 0.092180 0.077855
1 0.025370 0.281697 0.047690 0.201329
0 0.167407 0.172141 0.066042 0.066783
0 0.274723 0.243368 0.070167 0.063263
0 0.291235 0.194039 0.066042 0.076763
0 0.845126 0.500839 0.094249 0.145862
1 0.650632 0.889849 0.188006 0.220303
0 0.439812 0.070141 0.093828 0.087612
1 0.772885 0.713003 0.228731 0.193454
0 0.060002 0.450289 0.120004 0.140171
0 0.168584 0.479681 0.102281 0.208007
2 0.093599 0.138138 0.070316 0.142434
2 0.885725 0.295089 0.094606 0.257743
2 0.537906 0.429322 0.056719 0.829750
