3 0.799628 0.278247 0.085818 0.150901
2 0.845865 0.862151 0.234520 0.157618
0 0.325796 0.562451 0.256436 0.245480
1 0.378655 0.322901 0.155472 0.124079
1 0.677208 0.333431 0.134833 0.087572
2 0.609732 0.206184 0.096310 0.098539
1 0.633052 0.278036 0.147214 0.065691
1 0.119241 0.257947 0.085305 0.111921
0 0.239228 0.353447 0.103761 0.110711
0 0.639451 0.131914 0.105941 0.048658
0 0.618127 0.089336 0.086678 0.055961
1 0.604368 0.049191 0.092180 0.077855
1 0.025370 0.281697 0.047690 0.201329
0 0.167407 0.172141 0.066042 0.066783
0 0.274723 0.243368 0.070167 0.063263
0 0.291235 0.194039 0.066042 0.076763
0 0.845126 0.500839 0.094249 0.145862
1 0.650632 0.889849 0.188006 0.220303
0 0.439444 0.069997 0.093717 0.087533
1 0.769980 0.713622 0.228731 0.193454
0 0.060002 0.450289 0.120004 0.140171
0 0.168584 0.479681 0.102281 0.208007
2 0.090578 0.141306 0.070316 0.142441
2 0.924338 0.394543 0.094606 0.257743
2 0.532612 0.446013 0.071912 0.829750
1 0.187907 0.251743 0.048583 0.126605
