1 0.317708 0.602951 0.193311 0.173967
1 0.381512 0.352375 0.155472 0.124079
1 0.690606 0.373714 0.134836 0.087572
2 0.637586 0.209316 0.096310 0.098539
1 0.665670 0.282651 0.147217 0.065697
1 0.658549 0.838283 0.174263 0.229868
1 0.119241 0.257947 0.085305 0.111921
0 0.145690 0.455701 0.105941 0.212901
0 0.239228 0.353447 0.103761 0.110711
0 0.639451 0.131914 0.105941 0.048658
0 0.618127 0.089336 0.086678 0.055961
1 0.604368 0.049191 0.092180 0.077855
1 0.041929 0.264964 0.047690 0.201336
1 0.323811 0.756188 0.285487 0.193533
2 0.749736 0.713388 0.228393 0.151947
0 0.167407 0.172141 0.066042 0.066783
0 0.274723 0.243368 0.070167 0.063263
0 0.291235 0.194039 0.066042 0.076763
