3 0.799626 0.278247 0.085815 0.150901
2 0.845928 0.862141 0.234520 0.157625
0 0.325826 0.562484 0.256436 0.245480
1 0.378655 0.322908 0.155472 0.124079
1 0.677210 0.333434 0.134836 0.087579
2 0.609736 0.206187 0.096310 0.098546
1 0.633058 0.278036 0.147217 0.065691
1 0.119241 0.257947 0.085305 0.111921
0 0.239228 0.353447 0.103761 0.110711
0 0.639451 0.131914 0.105941 0.048658
0 0.618127 0.089336 0.086678 0.055961
1 0.604368 0.049191 0.092180 0.077855
1 0.025370 0.281697 0.047690 0.201329
0 0.167407 0.172141 0.066042 0.066783
0 0.274723 0.243368 0.070167 0.063263
0 0.291235 0.194039 0.066042 0.076763
0 0.845126 0.500839 0.094249 0.145862
1 0.650632 0.889849 0.188006 0.220303
0 0.439449 0.069997 0.093720 0.087533
1 0.770024 0.713615 0.228731 0.193454
0 0.060002 0.450289 0.120004 0.140171
0 0.168584 0.479681 0.102281 0.208007
2 0.090627 0.141257 0.070316 0.142434
2 0.923744 0.393010 0.094609 0.257743
2 0.532693 0.445757 0.071682 0.829750
1 0.187312 0.253145 0.048583 0.126605
