3 0.799622 0.278247 0.085807 0.150901
2 0.846310 0.862069 0.234516 0.157625
0 0.326004 0.562658 0.256436 0.245474
1 0.378657 0.322928 0.155469 0.124079
1 0.677219 0.333467 0.134833 0.087579
2 0.609754 0.206191 0.096310 0.098539
1 0.633080 0.278039 0.147217 0.065697
1 0.119241 0.257947 0.085305 0.111921
0 0.239228 0.353447 0.103761 0.110711
0 0.639451 0.131914 0.105941 0.048658
0 0.618127 0.089336 0.086678 0.055961
1 0.604368 0.049191 0.092180 0.077855
1 0.025370 0.281697 0.047690 0.201329
0 0.167407 0.172141 0.066042 0.066783
0 0.274723 0.243368 0.070167 0.063263
0 0.291235 0.194039 0.066042 0.076763
0 0.845126 0.500839 0.094249 0.145862
1 0.650632 0.889849 0.188006 0.220303
0 0.439485 0.070013 0.093731 0.087539
1 0.770294 0.713556 0.228728 0.193454
0 0.060002 0.450289 0.120004 0.140171
0 0.168584 0.479681 0.102281 0.208007
2 0.090906 0.140964 0.070316 0.142441
2 0.920180 0.383832 0.094609 0.257743
2 0.533181 0.444217 0.070275 0.829750
1 0.183748 0.261549 0.048583 0.126612
