1 0.317708 0.602944 0.193311 0.173967
1 0.381509 0.352349 0.155472 0.124079
1 0.690593 0.373678 0.134833 0.087579
2 0.637563 0.209312 0.096310 0.098546
1 0.665640 0.282648 0.147217 0.065691
1 0.657104 0.837441 0.174267 0.229868
1 0.119241 0.257947 0.085305 0.111921
0 0.145541 0.455355 0.105941 0.212895
0 0.239228 0.353447 0.103761 0.110711
0 0.639451 0.131914 0.105941 0.048658
0 0.618127 0.089336 0.086678 0.055961
1 0.604368 0.049191 0.092180 0.077855
1 0.041914 0.264980 0.047690 0.201329
1 0.325750 0.755247 0.285487 0.193533
2 0.747820 0.713470 0.228393 0.151941
0 0.167407 0.172141 0.066042 0.066783
0 0.274723 0.243368 0.070167 0.063263
0 0.291235 0.194039 0.066042 0.076763
