3 0.799624 0.278247 0.085811 0.150901
2 0.846120 0.862105 0.234516 0.157618
0 0.325915 0.562569 0.256436 0.245480
1 0.378655 0.322918 0.155472 0.124072
1 0.677215 0.333451 0.134833 0.087572
2 0.609743 0.206191 0.096310 0.098539
1 0.633069 0.278039 0.147217 0.065697
1 0.119241 0.257947 0.085305 0.111921
0 0.239228 0.353447 0.103761 0.110711
0 0.639451 0.131914 0.105941 0.048658
0 0.618127 0.089336 0.086678 0.055961
1 0.604368 0.049191 0.092180 0.077855
1 0.025370 0.281697 0.047690 0.201329
0 0.167407 0.172141 0.066042 0.066783
0 0.274723 0.243368 0.070167 0.063263
0 0.291235 0.194039 0.066042 0.076763
0 0.845126 0.500839 0.094249 0.145862
1 0.650632 0.889849 0.188006 0.220303
0 0.439466 0.070007 0.093724 0.087539
1 0.770160 0.713586 0.228728 0.193447
0 0.060002 0.450289 0.120004 0.140171
0 0.168584 0.479681 0.102281 0.208007
2 0.090765 0.141112 0.070316 0.142434
2 0.921962 0.388424 0.094609 0.257743
2 0.532937 0.444987 0.070978 0.829750
1 0.185530 0.257345 0.048583 0.126612
