3 0.799567 0.278217 0.085696 0.150842
2 0.851577 0.861105 0.234516 0.157618
0 0.328497 0.565105 0.256436 0.245474
1 0.378687 0.323234 0.155469 0.124072
1 0.677359 0.333885 0.134836 0.087572
2 0.610045 0.206224 0.096310 0.098539
1 0.633419 0.278089 0.147217 0.065691
1 0.119241 0.257947 0.085305 0.111921
0 0.239228 0.353447 0.103761 0.110711
0 0.639451 0.131914 0.105941 0.048658
0 0.618127 0.089336 0.086678 0.055961
1 0.604368 0.049191 0.092180 0.077855
1 0.025370 0.281697 0.047690 0.201329
0 0.167407 0.172141 0.066042 0.066783
0 0.274723 0.243368 0.070167 0.063263
0 0.291235 0.194039 0.066042 0.076763
0 0.845126 0.500839 0.094249 0.145862
1 0.650632 0.889849 0.188006 0.220303
0 0.439953 0.070197 0.093873 0.087632
1 0.774003 0.712763 0.228728 0.193447
0 0.060002 0.450289 0.120004 0.140171
0 0.168584 0.479681 0.102281 0.208007
2 0.094760 0.136918 0.070316 0.142441
2 0.885528 0.292023 0.094606 0.257743
