1 0.317708 0.602957 0.193311 0.173967
1 0.381516 0.352421 0.155472 0.124079
1 0.690627 0.373776 0.134833 0.087579
2 0.637632 0.209322 0.096313 0.098539
1 0.665722 0.282658 0.147217 0.065697
1 0.661231 0.839849 0.174263 0.229868
1 0.119241 0.257947 0.085305 0.111921
0 0.145973 0.456342 0.105941 0.212895
0 0.239228 0.353447 0.103761 0.110711
0 0.639451 0.131914 0.105941 0.048658
0 0.618127 0.089336 0.086678 0.055961
1 0.604368 0.049191 0.092180 0.077855
1 0.041959 0.264934 0.047690 0.201329
1 0.320212 0.757924 0.285491 0.193533
2 0.753292 0.713230 0.228393 0.151947
0 0.167407 0.172141 0.066042 0.066783
0 0.274723 0.243368 0.070167 0.063263
0 0.291235 0.194039 0.066042 0.076763
