3 0.799606 0.278237 0.085774 0.150882
2 0.847896 0.861780 0.234520 0.157625
0 0.326756 0.563395 0.256436 0.245474
1 0.378666 0.323020 0.155472 0.124079
1 0.677260 0.333592 0.134833 0.087579
2 0.609844 0.206197 0.096310 0.098539
1 0.633183 0.278056 0.147214 0.065691
1 0.119241 0.257947 0.085305 0.111921
0 0.239228 0.353447 0.103761 0.110711
0 0.639451 0.131914 0.105941 0.048658
0 0.618127 0.089336 0.086678 0.055961
1 0.604368 0.049191 0.092180 0.077855
1 0.025370 0.281697 0.047690 0.201329
0 0.167407 0.172141 0.066042 0.066783
0 0.274723 0.243368 0.070167 0.063263
0 0.291235 0.194039 0.066042 0.076763
0 0.845126 0.500839 0.094249 0.145862
1 0.650632 0.889849 0.188006 0.220303
0 0.439624 0.070069 0.093772 0.087572
1 0.771410 0.713316 0.228728 0.193447
0 0.060002 0.450289 0.120004 0.140171
0 0.168584 0.479681 0.102281 0.208007
2 0.092067 0.139747 0.070316 0.142441
2 0.905329 0.345582 0.094609 0.257743
2 0.535216 0.437796 0.064435 0.829750
