1 0.317708 0.602944 0.193311 0.173967
1 0.381509 0.352352 0.155472 0.124072
1 0.690597 0.373681 0.134833 0.087572
2 0.637567 0.209312 0.096310 0.098546
1 0.665645 0.282648 0.147214 0.065691
1 0.657310 0.837559 0.174263 0.229868
1 0.119241 0.257947 0.085305 0.111921
0 0.145564 0.455405 0.105941 0.212901
0 0.239228 0.353447 0.103761 0.110711
0 0.639451 0.131914 0.105941 0.048658
0 0.618127 0.089336 0.086678 0.055961
1 0.604368 0.049191 0.092180 0.077855
1 0.041914 0.264977 0.047690 0.201336
1 0.325472 0.755385 0.285491 0.193533
2 0.748093 0.713461 0.228389 0.151947
0 0.167407 0.172141 0.066042 0.066783
0 0.274723 0.243368 0.070167 0.063263
0 0.291235 0.194039 0.066042 0.076763
