3 0.799613 0.278240 0.085789 0.150888
2 0.847199 0.861905 0.234516 0.157625
0 0.326425 0.563069 0.256436 0.245480
1 0.378663 0.322980 0.155472 0.124079
1 0.677243 0.333536 0.134836 0.087572
2 0.609803 0.206197 0.096310 0.098539
1 0.633138 0.278049 0.147214 0.065691
1 0.119241 0.257947 0.085305 0.111921
0 0.239228 0.353447 0.103761 0.110711
0 0.639451 0.131914 0.105941 0.048658
0 0.618127 0.089336 0.086678 0.055961
1 0.604368 0.049191 0.092180 0.077855
1 0.025370 0.281697 0.047690 0.201329
0 0.167407 0.172141 0.066042 0.066783
0 0.274723 0.243368 0.070167 0.063263
0 0.291235 0.194039 0.066042 0.076763
0 0.845126 0.500839 0.094249 0.145862
1 0.650632 0.889849 0.188006 0.220303
0 0.439563 0.070043 0.093754 0.087559
1 0.770919 0.713421 0.228728 0.193447
0 0.060002 0.450289 0.120004 0.140171
0 0.168584 0.479681 0.102281 0.208007
2 0.091555 0.140283 0.070320 0.142434
2 0.911864 0.362411 0.094606 0.257743
2 0.534321 0.440622 0.067005 0.829757
