3 0.799624 0.278247 0.085811 0.150901
2 0.846055 0.862115 0.234520 0.157625
0 0.325885 0.562539 0.256436 0.245474
1 0.378655 0.322914 0.155472 0.124079
1 0.677212 0.333447 0.134833 0.087579
2 0.609741 0.206191 0.096313 0.098539
1 0.633065 0.278036 0.147217 0.065691
1 0.119241 0.257947 0.085305 0.111921
0 0.239228 0.353447 0.103761 0.110711
0 0.639451 0.131914 0.105941 0.048658
0 0.618127 0.089336 0.086678 0.055961
1 0.604368 0.049191 0.092180 0.077855
1 0.025370 0.281697 0.047690 0.201329
0 0.167407 0.172141 0.066042 0.066783
0 0.274723 0.243368 0.070167 0.063263
0 0.291235 0.194039 0.066042 0.076763
0 0.845126 0.500839 0.094249 0.145862
1 0.650632 0.889849 0.188006 0.220303
0 0.439462 0.070003 0.093724 0.087533
1 0.770115 0.713595 0.228728 0.193454
0 0.060002 0.450289 0.120004 0.140171
0 0.168584 0.479681 0.102281 0.208007
2 0.090720 0.141158 0.070316 0.142434
2 0.922556 0.389951 0.094606 0.257743
2 0.532855 0.445243 0.071217 0.829750
1 0.186125 0.255944 0.048583 0.126612
