1 0.317708 0.602951 0.193311 0.173967
1 0.381512 0.352382 0.155472 0.124079
1 0.690608 0.373724 0.134833 0.087579
2 0.637593 0.209316 0.096310 0.098539
1 0.665677 0.282651 0.147217 0.065697
1 0.658962 0.838520 0.174263 0.229868
1 0.119241 0.257947 0.085305 0.111921
0 0.145735 0.455799 0.105941 0.212901
0 0.239228 0.353447 0.103761 0.110711
0 0.639451 0.131914 0.105941 0.048658
0 0.618127 0.089336 0.086678 0.055961
1 0.604368 0.049191 0.092180 0.077855
1 0.041933 0.264961 0.047690 0.201329
1 0.323257 0.756451 0.285487 0.193533
2 0.750283 0.713362 0.228393 0.151947
0 0.167407 0.172141 0.066042 0.066783
0 0.274723 0.243368 0.070167 0.063263
0 0.291235 0.194039 0.066042 0.076763
