3 0.799583 0.278227 0.085729 0.150862
2 0.849927 0.861405 0.234520 0.157625
0 0.327716 0.564339 0.256436 0.245480
1 0.378677 0.323138 0.155472 0.124079
1 0.677316 0.333753 0.134833 0.087572
2 0.609953 0.206211 0.096313 0.098539
1 0.633315 0.278072 0.147217 0.065697
1 0.119241 0.257947 0.085305 0.111921
0 0.239228 0.353447 0.103761 0.110711
0 0.639451 0.131914 0.105941 0.048658
0 0.618127 0.089336 0.086678 0.055961
1 0.604368 0.049191 0.092180 0.077855
1 0.025370 0.281697 0.047690 0.201329
0 0.167407 0.172141 0.066042 0.066783
0 0.274723 0.243368 0.070167 0.063263
0 0.291235 0.194039 0.066042 0.076763
0 0.845126 0.500839 0.094249 0.145862
1 0.650632 0.889849 0.188006 0.220303
0 0.439807 0.070138 0.093824 0.087605
1 0.772840 0.713010 0.228731 0.193454
0 0.060002 0.450289 0.120004 0.140171
0 0.168584 0.479681 0.102281 0.208007
2 0.093551 0.138184 0.070316 0.142434
2 0.886319 0.296615 0.094609 0.257743
2 0.537824 0.429579 0.056957 0.829750
