1 0.317708 0.602944 0.193311 0.173967
1 0.381509 0.352342 0.155472 0.124079
1 0.690592 0.373668 0.134836 0.087572
2 0.637556 0.209309 0.096310 0.098539
1 0.665632 0.282645 0.147217 0.065697
1 0.656691 0.837197 0.174267 0.229868
1 0.119241 0.257947 0.085305 0.111921
0 0.145497 0.455257 0.105941 0.212895
0 0.239228 0.353447 0.103761 0.110711
0 0.639451 0.131914 0.105941 0.048658
0 0.618127 0.089336 0.086678 0.055961
1 0.604368 0.049191 0.092180 0.077855
1 0.041908 0.264984 0.047693 0.201336
1 0.326302 0.754984 0.285491 0.193533
2 0.747273 0.713493 0.228393 0.151947
0 0.167407 0.172141 0.066042 0.066783
0 0.274723 0.243368 0.070167 0.063263
0 0.291235 0.194039 0.066042 0.076763
1 0.895578 0.544951 0.017199 0.017033
