3 0.799591 0.278230 0.085744 0.150868
2 0.849228 0.861536 0.234520 0.157625
0 0.327385 0.564016 0.256436 0.245480
1 0.378674 0.323099 0.155472 0.124079
1 0.677297 0.333697 0.134833 0.087579
2 0.609914 0.206211 0.096310 0.098539
1 0.633268 0.278066 0.147214 0.065697
1 0.119241 0.257947 0.085305 0.111921
0 0.239228 0.353447 0.103761 0.110711
0 0.639451 0.131914 0.105941 0.048658
0 0.618127 0.089336 0.086678 0.055961
1 0.604368 0.049191 0.092180 0.077855
1 0.025370 0.281697 0.047690 0.201329
0 0.167407 0.172141 0.066042 0.066783
0 0.274723 0.243368 0.070167 0.063263
0 0.291235 0.194039 0.066042 0.076763
0 0.845126 0.500839 0.094249 0.145862
1 0.650632 0.889849 0.188006 0.220303
0 0.439743 0.070112 0.093810 0.087592
1 0.772349 0.713115 0.228731 0.193454
0 0.060002 0.450289 0.120004 0.140171
0 0.168584 0.479681 0.102281 0.208007
2 0.093041 0.138720 0.070316 0.142441
2 0.892853 0.313444 0.094606 0.257743
2 0.536927 0.432405 0.059524 0.829757
