3 0.799572 0.278220 0.085707 0.150849
2 0.851006 0.861207 0.234520 0.157625
0 0.328225 0.564839 0.256436 0.245480
1 0.378685 0.323201 0.155472 0.124072
1 0.677342 0.333839 0.134833 0.087572
2 0.610011 0.206217 0.096310 0.098539
1 0.633382 0.278082 0.147217 0.065691
1 0.119241 0.257947 0.085305 0.111921
0 0.239228 0.353447 0.103761 0.110711
0 0.639451 0.131914 0.105941 0.048658
0 0.618127 0.089336 0.086678 0.055961
1 0.604368 0.049191 0.092180 0.077855
1 0.025370 0.281697 0.047690 0.201329
0 0.167407 0.172141 0.066042 0.066783
0 0.274723 0.243368 0.070167 0.063263
0 0.291235 0.194039 0.066042 0.076763
0 0.845126 0.500839 0.094249 0.145862
1 0.650632 0.889849 0.188006 0.220303
0 0.439903 0.070174 0.093854 0.087625
1 0.773599 0.712849 0.228731 0.193447
0 0.060002 0.450289 0.120004 0.140171
0 0.168584 0.479681 0.102281 0.208007
2 0.094340 0.137355 0.070316 0.142434
2 0.885141 0.292023 0.094606 0.257743
