1 0.317708 0.602938 0.193311 0.173967
1 0.381507 0.352319 0.155469 0.124072
1 0.690582 0.373638 0.134833 0.087579
2 0.637533 0.209309 0.096310 0.098539
1 0.665610 0.282641 0.147217 0.065691
1 0.655454 0.836480 0.174263 0.229868
1 0.119241 0.257947 0.085305 0.111921
0 0.145366 0.454961 0.105941 0.212895
0 0.239228 0.353447 0.103761 0.110711
0 0.639451 0.131914 0.105941 0.048658
0 0.618127 0.089336 0.086678 0.055961
1 0.604368 0.049191 0.092180 0.077855
1 0.041895 0.264997 0.047690 0.201336
1 0.327965 0.754181 0.285491 0.193533
2 0.745632 0.713566 0.228393 0.151947
0 0.167407 0.172141 0.066042 0.066783
0 0.274723 0.243368 0.070167 0.063263
0 0.291235 0.194039 0.066042 0.076763
1 0.895578 0.544951 0.017199 0.017033
