3 0.799602 0.278234 0.085766 0.150875
2 0.848214 0.861720 0.234516 0.157625
0 0.326905 0.563543 0.256436 0.245480
1 0.378668 0.323039 0.155469 0.124079
1 0.677269 0.333618 0.134836 0.087579
2 0.609859 0.206204 0.096310 0.098539
1 0.633203 0.278056 0.147217 0.065691
1 0.119241 0.257947 0.085305 0.111921
0 0.239228 0.353447 0.103761 0.110711
0 0.639451 0.131914 0.105941 0.048658
0 0.618127 0.089336 0.086678 0.055961
1 0.604368 0.049191 0.092180 0.077855
1 0.025370 0.281697 0.047690 0.201329
0 0.167407 0.172141 0.066042 0.066783
0 0.274723 0.243368 0.070167 0.063263
0 0.291235 0.194039 0.066042 0.076763
0 0.845126 0.500839 0.094249 0.145862
1 0.650632 0.889849 0.188006 0.220303
0 0.439654 0.070079 0.093780 0.087579
1 0.771633 0.713270 0.228728 0.193447
0 0.060002 0.450289 0.120004 0.140171
0 0.168584 0.479681 0.102281 0.208007
2 0.092297 0.139500 0.070316 0.142434
2 0.902359 0.337931 0.094606 0.257743
2 0.535625 0.436513 0.063266 0.829750
